6000 6.75 1.40 
4000 5.95 1.18 
2000 3.78 1.79 
1200 3.38 3.60 
350 2.50 7.56 
300 2.35 7.35 
250 2.08 5.18 
235 2.32 8.16 
200 2.25 8.40 
3800 3.98 1.70 
1075 4.27 3.80 
865 2.80 5.40 
800 2.16 3.62 
620 2.75 5.60 
550 2.85 3.03 
511 2.63 7.20 
384 2.77 5.47 
300 2.15 9.04 
300 2.21 10.97 
226.5 2.28 6.65 
216 1.98 10.88 
136 1.98 10.94 
130 1.63 11.63 
113.5 1.40 6.36 
100 1.70 12.71 
95 1.73 8.77 
85 1.45 8.96 
85 1.20 12.38 
74 1.39 11.87 
70 1.58 7.71 
65 1.50 10.80 
62.5 1.31 16.67 
57 1.27 13.59 
55 1.53 11.51 
53.25 1.30 9.76 
50 1.25 21.60 
50 1.23 13.17 
50 1.10 9.82 
37.5 1.20 23.63 
35 1.20 18.00 
34 1.30 20.15 
30 1.03 25.51 
30 1.22 17.78 
30 1.40 8.68 
20.5 0.904 24.19 
5 0.620 18.29 
265 2.35 4.60 
251.3 2.25 5.76 
161 2.10 7.20 
155.8 1.95 8.17 
93.4 1.65 7.85 
58.8 1.31 22.67 
52.4 1.41 11.49 
52 1.30 13.46 
35.3 1.22 14.13 
26.8 1.11 12.13 
25 0.966 18.73 
20 0.940 20.11 
13.3 0.875 20.06 
11.6 0.736 11.01 
8.8 0.830 18.22 
7 0.508 12.77 
7 0.631 25.66 
4.8 0.678 28.69 
4.4 0.540 13.50 
3.7 0.584 29.59 
2.5 0.330 13.09 
127 1.66 5.20 
70 1.36 7.93 
13 0.515 19.40 
4 0.450 9.60 
1.18 0.270 16.63 
1.078 0.338 19.17 
0.6 0.278 34.98 
0.6 0.278 19.43 
0.5 0.261 18.59 
0.5 0.261 30.98 
0.4 0.243 22.25 
0.3 0.220 15.92 
0.25 0.190 13.78 
0.222 0.199 30.06 
0.22 0.198 20.51 
0.125 0.164 20.02 
0.1126 0.159 25.82 
0.1106 0.190 24.30 
0.11 0.175 13.89 
0.1 0.323 14.21 
0.0976 0.152 26.73 
0.0759 0.153 30.45 
0.061 0.130 30.02 
0.0605 0.131 25.56 
0.056 0.126 45.05 
0.051 0.122 42.94 
0.05 0.121 24.51 
0.05 0.121 36.54 
0.05 0.148 22.88 
0.0478 0.119 31.89 
0.042 0.116 40.03 
0.0391 0.112 29.99 
0.035 0.108 80.31 
0.035 0.108 35.14 
0.03 0.102 17.97 
0.0293 0.101 44.74 
0.0285 0.100 38.44 
0.025 0.0961 30.89 
0.025 0.0900 25.80 
0.0245 0.0955 37.04 
0.0244 0.0954 35.39 
0.0198 0.0889 39.77 
0.0193 0.0882 43.78 
0.0193 0.115 24.29 
0.0182 0.0865 41.84 
0.018 0.0862 40.12 
0.018 0.0862 27.89 
0.018 0.0862 39.49 
0.016 0.0800 43.88 
0.0155 0.0820 41.51 
0.0137 0.0786 39.14 
0.0123 0.0759 38.79 
0.0089 0.0681 39.26 
4.6 0.549 31.49 
4.4 0.541 35.96 
4 0.524 37.12 
3.5 0.501 30.19 
2 0.415 41.59 
1.9 0.400 37.80 
1.5 0.377 35.77 
1.5 0.343 31.49
50 1.22 14.42
4 0.477 22.64 
1.1 0.365 18.35 
0.998 0.329 17.56 
0.718 0.320 12.07 
0.12 0.225 31.68 
0.0745 0.159 19.86 
0.052 0.155 29.03 
0.0315 0.123 39.26 
0.025 0.104 38.76 
0.02 0.0961 40.54 
0.017 0.0892 34.82 
0.015 0.0845 15.92 
0.48 0.0950 39.60 